   3.3106483e+03
   8.0458529e+03
   6.9618231e+02
   1.9739193e+03
   1.0341594e+03
   2.2295400e+03
   2.1620802e+03
   1.9730447e+03
   7.5186205e+02
   1.4413142e+03
   6.6223273e+02
   3.9851836e+03
   1.4989436e+03
   2.2737392e+03
   1.3314346e+03
   1.7072077e+03
   8.2105051e+02
   2.0281819e+03
   1.9958510e+03
   1.1458539e+03
   7.0236088e+02
   3.4799446e+03
   2.5012464e+03
   2.4069852e+03
   1.4767574e+03
   7.5472547e+02
   2.3396232e+03
   3.7893705e+03
   1.5114071e+03
   4.0638359e+03
   2.4497384e+02
   3.5459302e+03
   4.5515081e+03
   9.7920289e+02
   9.1954887e+02
   1.7705557e+03
   1.2857267e+03
   8.5359190e+02
   1.8859106e+03
   1.4781911e+03
   9.9181814e+02
   0.0000000e+00
   0.0000000e+00
   0.0000000e+00
   0.0000000e+00
   0.0000000e+00
   0.0000000e+00
   0.0000000e+00
   3.2923455e+03
   8.3424532e+03
   7.7243318e+02
   2.1179635e+03
   1.0570599e+03
   2.0356497e+03
   2.1498050e+03
   1.9703127e+03
   6.3812861e+02
   1.0662421e+03
   6.4970746e+02
   4.0281095e+03
   1.5037374e+03
   2.2085162e+03
   1.1855909e+03
   1.9552541e+03
   8.0844537e+02
   2.2294491e+03
   1.8746843e+03
   1.2442520e+03
   8.1365011e+02
   3.6025734e+03
   2.4821369e+03
   2.5023220e+03
   1.3994776e+03
   7.0036063e+02
   2.1914892e+03
   3.8489185e+03
   1.5077860e+03
   4.5250197e+03
   2.3234962e+02
   3.3782580e+03
   4.5659269e+03
   9.6330780e+02
   8.1473444e+02
   1.8561484e+03
   1.1406765e+03
   9.1005852e+02
   1.8034139e+03
   1.4595088e+03
   1.1245761e+03
   0.0000000e+00
   0.0000000e+00
   0.0000000e+00
   0.0000000e+00
   0.0000000e+00
   0.0000000e+00
   0.0000000e+00
