  -4.3542886e-01  -2.3988195e-01  -8.6767411e-01
   9.3594447e-01  -2.4372541e-01  -2.5417684e-01
  -6.3913598e-01  -7.5594350e-02  -7.6536965e-01
   2.3517191e-01   1.1003136e-01  -9.6570558e-01
   6.5533931e-01   7.0672421e-01   2.6659198e-01
  -7.4968473e-01  -4.9440590e-02  -6.5994579e-01
   7.4415916e-01  -2.8208353e-01  -6.0552129e-01
   3.1408457e-01   8.8563392e-01  -3.4205765e-01
  -9.8030126e-01   1.3569542e-01  -1.4351374e-01
  -7.8645769e-01  -7.6684746e-02  -6.1286519e-01
   2.8679178e-01  -9.5796642e-01  -7.1283713e-03
   9.2691024e-01   3.1960946e-01  -1.9669062e-01
  -8.4357621e-03   5.4321555e-02  -9.9848786e-01
   7.4467254e-01   4.6727221e-01   4.7657056e-01
  -7.9504011e-01   5.9436865e-01   1.2098402e-01
  -6.4990976e-01  -3.8013621e-01  -6.5811379e-01
  -9.6165856e-01   1.9413289e-01  -1.9371431e-01
   8.4721745e-01   4.5278031e-01   2.7787152e-01
  -9.6437076e-01  -2.6090684e-01  -4.3779661e-02
  -9.9653670e-01  -4.3208011e-02  -7.1046967e-02
  -2.3440899e-01  -9.0523554e-03  -9.7209592e-01
   4.6362702e-01  -7.1125640e-01   5.2836003e-01
  -9.9636363e-01  -7.5283100e-02  -3.9899468e-02
   4.8008480e-01   6.3993747e-01   5.9999885e-01
   4.7063322e-01   7.5757393e-01   4.5231196e-01
  -9.2266736e-01  -1.5719832e-01  -3.5209889e-01
  -9.2768773e-01  -3.7313779e-01   1.2792885e-02
  -9.7695465e-01   9.3813499e-02   1.9172542e-01
   2.1732020e-01  -3.8293051e-01  -8.9785085e-01
   4.8403250e-01   3.5159322e-01   8.0130815e-01
   9.9475636e-01  -5.2273306e-02  -8.7904952e-02
  -4.0139504e-01  -6.7520162e-01   6.1885765e-01
   6.0076517e-01  -4.2066287e-01   6.7979700e-01
  -9.9018940e-01   8.8495822e-02  -1.0813621e-01
  -7.3300708e-01   3.3880773e-01   5.8983891e-01
   2.6401664e-01  -5.7201901e-01   7.7658835e-01
  -3.9410730e-01  -6.1949076e-01   6.7890399e-01
   8.3667900e-01   1.3913060e-01   5.2972721e-01
   5.5611557e-01   5.1876820e-01   6.4931889e-01
  -9.8703215e-01   2.6680469e-02   1.5828987e-01
   4.7254546e-01   3.7068840e-01   7.9955669e-01
   0.0000000e+00   0.0000000e+00   0.0000000e+00
   0.0000000e+00   0.0000000e+00   0.0000000e+00
   0.0000000e+00   0.0000000e+00   0.0000000e+00
   0.0000000e+00   0.0000000e+00   0.0000000e+00
   0.0000000e+00   0.0000000e+00   0.0000000e+00
   0.0000000e+00   0.0000000e+00   0.0000000e+00
   0.0000000e+00   0.0000000e+00   0.0000000e+00
   5.4620351e-01  -2.9915513e-01  -7.8241161e-01
  -9.3702379e-01  -2.4473424e-01  -2.4918180e-01
   5.7854001e-01  -1.8414162e-01  -7.9459633e-01
  -2.2788109e-01   6.8384755e-02  -9.7128458e-01
  -6.2283567e-01   7.4929722e-01   2.2500978e-01
   8.4698209e-01  -3.2776607e-02  -5.3061006e-01
  -7.1165109e-01  -2.8218547e-01  -6.4336932e-01
  -3.7393898e-01   8.2970383e-01  -4.1444082e-01
   9.7740039e-01   7.6697593e-02  -1.9699227e-01
   6.3056819e-01  -3.9877008e-01  -6.6585748e-01
  -3.5626411e-01  -9.3431642e-01  -1.1344898e-02
  -9.2251593e-01   3.1387102e-01  -2.2460929e-01
   4.1546596e-02   8.5489776e-02  -9.9547244e-01
  -7.1118540e-01   4.7828689e-01   5.1522518e-01
   8.7809882e-01   4.7131526e-01   8.2488734e-02
   7.5606604e-01   1.7483735e-01  -6.3071074e-01
   9.7359107e-01   1.6526554e-01  -1.5750469e-01
  -8.3932548e-01   4.7330126e-01   2.6742971e-01
   9.3544043e-01  -3.4942119e-01  -5.3441872e-02
   9.9945301e-01   2.0194764e-02  -2.6188732e-02
   3.3662149e-01  -9.6582579e-03  -9.4159051e-01
  -5.1981373e-01  -7.1014319e-01   4.7485823e-01
   9.9332748e-01  -9.6354129e-02  -6.3375122e-02
  -4.5658665e-01   6.4730697e-01   6.1034606e-01
  -4.8003040e-01   7.4275220e-01   4.6678688e-01
   9.3993259e-01  -2.2553399e-01  -2.5624432e-01
   9.2894885e-01  -3.6979709e-01   1.7439814e-02
   9.8138705e-01   7.9279030e-02   1.7491227e-01
  -1.6799712e-01  -3.9711636e-01  -9.0226136e-01
  -6.3221786e-01   1.4954770e-01   7.6022106e-01
  -9.8888455e-01  -1.4852664e-01   6.8695494e-03
   5.8368462e-01  -5.4576779e-01   6.0120694e-01
  -5.8998665e-01  -4.1287049e-01   6.9386866e-01
   9.9069889e-01   9.5527024e-02  -9.6903559e-02
   7.8368475e-01   3.1712792e-01   5.3410495e-01
  -2.4768911e-01  -5.1905685e-01   8.1806485e-01
   4.7992363e-01  -5.3570610e-01   6.9476060e-01
  -8.3046594e-01   7.1217306e-02   5.5249835e-01
  -5.4466496e-01   5.2148259e-01   6.5680742e-01
   9.9406839e-01   2.5465514e-02   1.0573335e-01
  -4.5619366e-01   3.5665549e-01   8.1528167e-01
   0.0000000e+00   0.0000000e+00   0.0000000e+00
   0.0000000e+00   0.0000000e+00   0.0000000e+00
   0.0000000e+00   0.0000000e+00   0.0000000e+00
   0.0000000e+00   0.0000000e+00   0.0000000e+00
   0.0000000e+00   0.0000000e+00   0.0000000e+00
   0.0000000e+00   0.0000000e+00   0.0000000e+00
   0.0000000e+00   0.0000000e+00   0.0000000e+00
