RM-TCpol_R  33.079347  -7.593124 -32.799272 
RM-TCs_R  54.915934 -33.810819  -1.375730 
RM-Amyg_R  17.438152  -5.277610 -13.745837 
RM-PFCoi_R  21.645635  26.941077 -19.611492 
RM-IA_R  38.224291  11.482410 -13.623293 
RM-PFCom_R   6.267575  25.181871 -16.701842 
RM-TCc_R  43.660324 -58.514435  -7.694181 
RM-PFCol_R  29.444259  49.076630  -0.952121 
RM-TCi_R  28.718069 -54.508717 -14.420098 
RM-PHC_R  19.729065 -32.245093  -9.132630 
MM82a-G_R  34.917765  25.065066  -3.766634 
RM-PMCvl_R  47.004645  20.874793  11.634857 
RM-VACv_R  24.783182 -82.874647 -12.077967 
RM-Ip_R  40.808202  -3.305432   1.892959 
RM-PFCpol_R   8.216735  61.863249   8.139174 
RM-HC_R  22.506788 -20.364649 -11.303707 
RM-CCs_R   3.427869  25.074243  -4.747290 
RM-PFCvl_R  40.812508  40.111957  17.487273 
RM-V2_R  11.774463 -79.525795   3.404145 
RM-PFCm_R   8.294410  45.075418   9.876705 
RM-TCv_R  24.810789 -54.934840  -7.515384 
RM-VACd_R  27.690285 -83.455823  20.802248 
RM-V1_R  11.890945 -74.310932   7.222870 
RM-PFCcl_R  24.035479  43.044884  33.627260 
RM-A2_R  48.584832 -28.586783  15.135759 
RM-CCr_R   6.702045 -43.575783  12.352452 
RM-CCp_R  10.632581 -49.270173  24.902874 
RM-CCa_R   4.846725   9.108356  26.416168 
RM-S2_R  53.367495 -19.080477  19.550660 
RM-S1_R  37.713158 -25.333413  52.415061 
RM-A1_R  36.950384 -18.793378  13.708190 
RM-M1_R  24.874698 -18.375774  52.963887 
RM-PCi_R  39.153217 -54.570078  43.080367 
RM-PCm_R   9.131634 -56.584867  39.751706 
RM-PFCdm_R   8.017632  35.951673  49.465444 
RM-PCip_R  21.444711 -63.620710  54.468403 
RM-PCs_R  14.127554 -53.207194  59.343654 
RM-FEF_R  43.858507   1.583726  49.671365 
RM-PFCdl_R  25.309093  12.552618  53.221126 
RM-PMCm_R   7.224909   3.586255  59.539745 
RM-PMCdl_R  23.475495  -5.407731  67.187371 
TM-F_R  10.709611 -13.305076   7.165679 
TM-T_R   9.487179 -17.753905  10.494842 
TM-OP_R  17.718292 -22.263158   6.059965 
BG-Cd_R  14.301561  11.010804  11.490516 
BG-Pu_R  26.495749   2.776009   1.303447 
BG-Pa_R  20.850489  -3.005123  -0.189101 
BG-Acc_R  10.368263  13.203593  -5.534431 
RM-TCpol_L -32.681790  -8.320529 -31.793774 
RM-TCs_L -54.720063 -33.892198  -1.422995 
RM-Amyg_L -15.859426  -7.452867 -13.127293 
RM-PFCoi_L -20.226823  25.432919 -19.776290 
RM-IA_L -37.990116  11.507916 -13.796844 
RM-PFCom_L  -5.461125  25.482359 -16.462528 
RM-TCc_L -42.827596 -58.286399  -8.750547 
RM-PFCol_L -28.607213  49.095480  -1.984764 
RM-TCi_L -28.371168 -54.266414 -14.198983 
RM-PHC_L -18.955951 -31.746896  -9.391177 
MM82a-G_L -34.158674  24.411811  -4.311981 
RM-PMCvl_L -46.597057  21.230801  10.684409 
RM-VACv_L -24.006268 -83.189723 -12.050953 
RM-Ip_L -40.876741  -3.791963   1.243455 
RM-PFCpol_L  -7.689917  61.850339   8.155949 
RM-HC_L -21.143986 -25.894536  -8.450204 
RM-CCs_L  -3.171100  23.997086  -4.759688 
RM-PFCvl_L -40.452662  39.734075  18.317703 
RM-V2_L -11.495151 -80.341203   3.657959 
RM-PFCm_L  -8.230249  44.635723   8.745645 
RM-TCv_L -24.553983 -55.141679  -7.629212 
RM-VACd_L -27.764819 -83.351504  20.366430 
RM-V1_L -12.020475 -73.679251   6.866555 
RM-PFCcl_L -23.527592  42.995398  33.663668 
RM-A2_L -48.848261 -28.326444  14.382296 
RM-CCr_L  -4.908909 -43.424849  15.482611 
RM-CCp_L -10.925561 -50.543513  25.301208 
RM-CCa_L  -4.746795   8.564223  26.351959 
RM-S2_L -52.006466 -19.011937  19.451158 
RM-S1_L -37.573215 -25.088520  52.189595 
RM-A1_L -36.797423 -19.116026  13.896768 
RM-M1_L -24.507209 -18.054854  51.754528 
RM-PCi_L -38.940697 -54.678016  43.108789 
RM-PCm_L  -9.154303 -57.042530  39.462044 
RM-PFCdm_L  -7.508670  36.248376  49.003248 
RM-PCip_L -21.544740 -63.315526  54.590945 
RM-PCs_L -13.094641 -53.667567  59.445681 
RM-FEF_L -43.671270   0.704116  50.160082 
RM-PFCdl_L -24.184760  13.958344  53.500476 
RM-PMCm_L  -6.812133   3.455651  59.219364 
RM-PMCdl_L -22.721598  -4.686517  67.235649 
TM-F_L  -7.675865 -14.379325   7.551905 
TM-T_L  -6.747257 -19.515702  10.371169 
TM-OP_L -14.908959 -23.774755   5.438157 
BG-Cd_L -11.785498   9.976993  10.737393 
BG-Pu_L -23.901491   1.482650   1.339547 
BG-Pa_L -17.957794  -4.120351  -0.333891 
BG-Acc_L  -8.463883  12.496614  -6.170429 
